residue,id,patch_size
A,1,
V,2,978.0
S,3,
T,4,
A,5,978.0
V,6,300.0
E,7,
K,8,
K,9,
K,10,
Y,11,978.0
L,12,978.0
D,13,
S,14,
E,15,
F,16,978.0
L,17,978.0
L,18,978.0
H,19,
C,20,978.0
I,21,978.0
S,22,
A,23,978.0
Q,24,
L,25,
L,26,978.0
D,27,
A,28,
W,29,1.0
K,30,
Q,31,
A,32,6.0
R,33,
A,34,650.0
R,35,
W,36,
L,37,650.0
E,38,
L,39,33.0
V,40,
G,41,
K,42,
E,43,
W,44,650.0
A,45,650.0
H,46,
A,47,
L,48,650.0
A,49,650.0
L,50,650.0
N,51,
P,52,
E,53,
R,54,
K,55,
D,56,
F,57,650.0
L,58,650.0
W,59,650.0
K,60,
N,61,
Q,62,
S,63,
E,64,
A,65,
N,66,
S,67,
A,68,2.0
F,69,111.0
F,70,111.0
D,71,
L,72,
C,73,
E,74,
V,75,
G,76,
K,77,
Q,78,
V,79,
A,80,
L,81,978.0
G,82,
L,83,978.0
L,84,978.0
G,85,
K,86,
E,87,
V,88,978.0
A,89,978.0
L,90,978.0
P,91,
K,92,
E,93,
E,94,
Q,95,
A,96,978.0
F,97,978.0
W,98,300.0
I,99,978.0
A,100,
Y,101,
A,102,300.0
V,103,300.0
H,104,
L,105,
S,106,
A,107,300.0
A,108,17.0
C,109,
A,110,300.0
E,111,
E,112,
L,113,650.0
H,114,
A,115,
P,116,
E,117,
V,118,105.0
A,119,105.0
A,120,
S,121,
L,122,300.0
R,123,
K,124,
L,125,
N,126,
V,127,650.0
K,128,
L,129,300.0
K,130,
D,131,
F,132,111.0
N,133,
F,134,199.0
G,135,
